ckpt=runs/refiner_rev4_ft/ckpt_0013000.pt  n=11819

  |d| bin (px)      n   err_med   err_p95    >1px%  resid/|d|
      [0,0.25)     23    0.1870    2.8863    17.39      0.964
    [0.25,0.5)    120    0.1951    2.2687     8.33      0.542
    [0.5,0.75)    180    0.1882    2.3599    10.00      0.304
      [0.75,1)    266    0.1824    3.0348     9.02      0.203
       [1,1.5)    786    0.1515    1.7062     8.52      0.122
       [1.5,2)   1120    0.1647    1.9561     7.86      0.094
         [2,3)   3170    0.1610    2.2854     8.83      0.064
         [3,4)   4171    0.1717    2.3476     8.56      0.049
       [4,5.6)   1983    0.1694    3.9308     8.07      0.037
